i	lout	t	model	sec	cmax
1	1	5	wsTwoRobotA	0.047	46	0
1	1	5	wsTwoRobotB	0.032	46	0
1	1	5	puTwoRobotA	0.063	46	0
1	1	5	puTwoRobotB	0.026	46	0
2	1	5	wsTwoRobotA	3.498	107	0
2	1	5	wsTwoRobotB	0.225	107	0
2	1	5	puTwoRobotA	3.266	107	0
2	1	5	puTwoRobotB	0.191	107	0
3	1	5	wsTwoRobotA	5.104	111	0.135135135
3	1	5	wsTwoRobotB	5.067	111	0.135135135
3	1	5	puTwoRobotA	5.083	111	0.135135135
3	1	5	puTwoRobotB	1.589	111	0
4	1	5	wsTwoRobotA	5.168	145	0.537931034
4	1	5	wsTwoRobotB	5.031	133	0.488721805
4	1	5	puTwoRobotA	5.192	137	0.510948905
4	1	5	puTwoRobotB	5.08	133	0.488721805
5	1	5	wsTwoRobotA	5.202	180	0.616666667
5	1	5	wsTwoRobotB	5.195	138	0.5
5	1	5	puTwoRobotA	5.075	138	0.5
5	1	5	puTwoRobotB	5.187	158	0.563291139
6	1	5	wsTwoRobotA	5.119	162	0.401234568
6	1	5	wsTwoRobotB	5.049	145	0.331034483
6	1	5	puTwoRobotA	5.101	203	0.862068966
6	1	5	puTwoRobotB	5.019	158	0.386075949
7	1	5	wsTwoRobotA	5.07	219	0.684931507
7	1	5	wsTwoRobotB	5.011	142	0.521126761
7	1	5	puTwoRobotA	5.077	 FailStatus14
7	1	5	puTwoRobotB	5.059	159	0.572327044
8	1	5	wsTwoRobotA	5.082	251	0.593625498
8	1	5	wsTwoRobotB	5.075	204	0.5
8	1	5	puTwoRobotA	5.046	 FailStatus14
8	1	5	puTwoRobotB	5.11	172	0.406976744
9	1	5	wsTwoRobotA	5.024	805	0.966459627
9	1	5	wsTwoRobotB	5.009	225	0.613333333
9	1	5	puTwoRobotA	5.102	 FailStatus14
9	1	5	puTwoRobotB	5.081	 FailStatus14
10	1	5	wsTwoRobotA	5.138	892	0.968609865
10	1	5	wsTwoRobotB	5.126	205	0.6
10	1	5	puTwoRobotA	5.145	 FailStatus14
10	1	5	puTwoRobotB	5.045	 FailStatus14
11	1	5	wsTwoRobotA	5.193	976	0.970286885
11	1	5	wsTwoRobotB	5.138	297	0.902356902
11	1	5	puTwoRobotA	5.147	 FailStatus14
11	1	5	puTwoRobotB	5.066	 FailStatus14
12	1	5	wsTwoRobotA	5.326	1122	0.973262032
12	1	5	wsTwoRobotB	5.136	474	0.936708861
12	1	5	puTwoRobotA	5.075	 FailStatus14
12	1	5	puTwoRobotB	5.065	 FailStatus14
13	1	5	wsTwoRobotA	5.065	1135	0.974449339
13	1	5	wsTwoRobotB	5.104	358	0.924581006
13	1	5	puTwoRobotA	5.241	 FailStatus14
13	1	5	puTwoRobotB	5.091	 FailStatus14
14	1	5	wsTwoRobotA	5.149	1267	0.976322021
14	1	5	wsTwoRobotB	5.148	380	0.921052632
14	1	5	puTwoRobotA	5.037	 FailStatus14
14	1	5	puTwoRobotB	5.09	 FailStatus14
15	1	5	wsTwoRobotA	5.632	1306	0.977794793
15	1	5	wsTwoRobotB	5.104	312	0.907051282
15	1	5	puTwoRobotA	5.026	 FailStatus14
15	1	5	puTwoRobotB	5.09	 FailStatus14
16	1	5	wsTwoRobotA	5.281	1395	0.97921147
16	1	5	wsTwoRobotB	5.201	405	0.928395062
16	1	5	puTwoRobotA	5.289	 FailStatus14
16	1	5	puTwoRobotB	5.345	 FailStatus14
17	1	5	wsTwoRobotA	5.168	1510	0.980794702
17	1	5	wsTwoRobotB	5.393	377	0.928381963
17	1	5	puTwoRobotA	5.377	 FailStatus14
17	1	5	puTwoRobotB	5.02	 FailStatus14
18	1	5	wsTwoRobotA	5.082	1598	0.981226533
18	1	5	wsTwoRobotB	5.283	404	0.925742574
18	1	5	puTwoRobotA	5.325	 FailStatus14
18	1	5	puTwoRobotB	5.29	 FailStatus14
19	1	5	wsTwoRobotA	5.339	1709	0.982445875
19	1	5	wsTwoRobotB	5.045	350	0.92
19	1	5	puTwoRobotA	5.605	 FailStatus14
19	1	5	puTwoRobotB	5.292	 FailStatus14
20	1	5	wsTwoRobotA	5.294	1795	0.983844011
20	1	5	wsTwoRobotB	5.357	391	0.930946292
20	1	5	puTwoRobotA	5.628	 FailStatus14
20	1	5	puTwoRobotB	5.472	 FailStatus14
1	2	5	wsTwoRobotA	1.37	64	0
1	2	5	wsTwoRobotB	1.403	64	0
1	2	5	puTwoRobotA	1.641	64	0
1	2	5	puTwoRobotB	0.944	64	0
2	2	5	wsTwoRobotA	5.065	113	0.327433628
2	2	5	wsTwoRobotB	0.504	113	0
2	2	5	puTwoRobotA	4.207	113	0
2	2	5	puTwoRobotB	0.19	113	0
3	2	5	wsTwoRobotA	5.079	120	0.175
3	2	5	wsTwoRobotB	4.657	120	0
3	2	5	puTwoRobotA	5.128	120	0.175
3	2	5	puTwoRobotB	4.313	120	0
4	2	5	wsTwoRobotA	5.117	147	0.530612245
4	2	5	wsTwoRobotB	5.124	140	0.514285714
4	2	5	puTwoRobotA	5.062	150	0.54
4	2	5	puTwoRobotB	5.133	146	0.534246575
5	2	5	wsTwoRobotA	5.047	179	0.603351955
5	2	5	wsTwoRobotB	5.158	160	0.55625
5	2	5	puTwoRobotA	5.117	177	0.598870056
5	2	5	puTwoRobotB	5.181	151	0.529801325
6	2	5	wsTwoRobotA	5.083	170	0.417647059
6	2	5	wsTwoRobotB	5.275	169	0.414201183
6	2	5	puTwoRobotA	5.121	195	0.492307692
6	2	5	puTwoRobotB	5.04	 FailStatus14
7	2	5	wsTwoRobotA	5.164	308	0.899350649
7	2	5	wsTwoRobotB	5.065	165	0.575757576
7	2	5	puTwoRobotA	5.099	 FailStatus14
7	2	5	puTwoRobotB	5.012	213	0.85915493
8	2	5	wsTwoRobotA	5.013	665	0.954887218
8	2	5	wsTwoRobotB	5.115	192	0.458333333
8	2	5	puTwoRobotA	5.007	 FailStatus14
8	2	5	puTwoRobotB	5.027	 FailStatus14
9	2	5	wsTwoRobotA	5.213	295	0.898305085
9	2	5	wsTwoRobotB	5.124	241	0.626556017
9	2	5	puTwoRobotA	5.066	 FailStatus14
9	2	5	puTwoRobotB	5.027	 FailStatus14
10	2	5	wsTwoRobotA	5.166	931	0.967776584
10	2	5	wsTwoRobotB	5.091	279	0.698924731
10	2	5	puTwoRobotA	5.029	 FailStatus14
10	2	5	puTwoRobotB	5.051	 FailStatus14
11	2	5	wsTwoRobotA	5.231	970	0.968041237
11	2	5	wsTwoRobotB	5.061	468	0.933760684
11	2	5	puTwoRobotA	5.255	 FailStatus14
11	2	5	puTwoRobotB	5.022	 FailStatus14
12	2	5	wsTwoRobotA	5.415	1080	0.969444444
12	2	5	wsTwoRobotB	5.078	498	0.93373494
12	2	5	puTwoRobotA	5.042	 FailStatus14
12	2	5	puTwoRobotB	5.035	 FailStatus14
13	2	5	wsTwoRobotA	5.149	1154	0.973136915
13	2	5	wsTwoRobotB	5.198	478	0.941422594
13	2	5	puTwoRobotA	5.158	 FailStatus14
13	2	5	puTwoRobotB	5.053	 FailStatus14
14	2	5	wsTwoRobotA	5.204	1290	0.975193798
14	2	5	wsTwoRobotB	5.271	1235	0.974089069
14	2	5	puTwoRobotA	5.218	 FailStatus14
14	2	5	puTwoRobotB	5.023	 FailStatus14
15	2	5	wsTwoRobotA	5.649	1307	0.97551645
15	2	5	wsTwoRobotB	5.675	327	0.905198777
15	2	5	puTwoRobotA	5.74	 FailStatus14
15	2	5	puTwoRobotB	5.148	 FailStatus14
16	2	5	wsTwoRobotA	5.118	1418	0.978843441
16	2	5	wsTwoRobotB	5.126	1376	0.978924419
16	2	5	puTwoRobotA	5.403	 FailStatus14
16	2	5	puTwoRobotB	5.157	 FailStatus14
17	2	5	wsTwoRobotA	5.258	1536	0.979817708
17	2	5	wsTwoRobotB	5.354	481	0.93970894
17	2	5	puTwoRobotA	5.414	 FailStatus14
17	2	5	puTwoRobotB	5.428	 FailStatus14
18	2	5	wsTwoRobotA	5.114	1598	0.979349186
18	2	5	wsTwoRobotB	5.287	409	0.919315403
18	2	5	puTwoRobotA	5.468	 FailStatus14
18	2	5	puTwoRobotB	5.321	 FailStatus14
19	2	5	wsTwoRobotA	5.193	 FailStatus14
19	2	5	wsTwoRobotB	5.352	478	0.935146444
19	2	5	puTwoRobotA	5.816	 FailStatus14
19	2	5	puTwoRobotB	5.988	 FailStatus14
20	2	5	wsTwoRobotA	5.221	 FailStatus14
20	2	5	wsTwoRobotB	5.386	464	0.935344828
20	2	5	puTwoRobotA	5.829	 FailStatus14
20	2	5	puTwoRobotB	5.583	 FailStatus14
1	1	120	wsTwoRobotA	0.068	46	0
1	1	120	wsTwoRobotB	0.058	46	0
1	1	120	puTwoRobotA	0.068	46	0
1	1	120	puTwoRobotB	0.04	46	0
2	1	120	wsTwoRobotA	3.985	107	0
2	1	120	wsTwoRobotB	0.2	107	0
2	1	120	puTwoRobotA	3.772	107	0
2	1	120	puTwoRobotB	0.21	107	0
3	1	120	wsTwoRobotA	8.162	111	0
3	1	120	wsTwoRobotB	6.689	111	0
3	1	120	puTwoRobotA	9.449	111	0
3	1	120	puTwoRobotB	1.669	111	0
4	1	120	wsTwoRobotA	120.174	133	0.496240602
4	1	120	wsTwoRobotB	120.178	133	0.488721805
4	1	120	puTwoRobotA	120.173	133	0.496240602
4	1	120	puTwoRobotB	120.125	133	0.488721805
5	1	120	wsTwoRobotA	120.244	146	0.52739726
5	1	120	wsTwoRobotB	30.901	137	0
5	1	120	puTwoRobotA	73.823	137	0
5	1	120	puTwoRobotB	18.714	137	0
6	1	120	wsTwoRobotA	120.131	138	0.297101449
6	1	120	wsTwoRobotB	120.265	135	0.281481481
6	1	120	puTwoRobotA	120.138	145	0.331034483
6	1	120	puTwoRobotB	120.289	135	0.281481481
7	1	120	wsTwoRobotA	120.23	136	0.492647059
7	1	120	wsTwoRobotB	120.09	126	0.46031746
7	1	120	puTwoRobotA	120.057	138	0.5
7	1	120	puTwoRobotB	120.129	126	0.46031746
8	1	120	wsTwoRobotA	120.195	150	0.32
8	1	120	wsTwoRobotB	120.223	129	0.209302326
8	1	120	puTwoRobotA	120.177	139	0.26618705
8	1	120	puTwoRobotB	120.107	124	0.177419355
9	1	120	wsTwoRobotA	120.237	157	0.458598726
9	1	120	wsTwoRobotB	120.234	133	0.345864662
9	1	120	puTwoRobotA	120.084	155	0.451612903
9	1	120	puTwoRobotB	120.16	145	0.4
10	1	120	wsTwoRobotA	120.167	166	0.506024096
10	1	120	wsTwoRobotB	120.07	139	0.410071942
10	1	120	puTwoRobotA	120.108	 FailStatus14
10	1	120	puTwoRobotB	120.134	136	0.397058824
11	1	120	wsTwoRobotA	120.463	171	0.567251462
11	1	120	wsTwoRobotB	120.103	143	0.482517483
11	1	120	puTwoRobotA	120.025	 FailStatus14
11	1	120	puTwoRobotB	120.052	 FailStatus14
12	1	120	wsTwoRobotA	120.151	168	0.541666667
12	1	120	wsTwoRobotB	120.233	145	0.489655172
12	1	120	puTwoRobotA	120.06	 FailStatus14
12	1	120	puTwoRobotB	120.029	 FailStatus14
13	1	120	wsTwoRobotA	120.079	172	0.319767442
13	1	120	wsTwoRobotB	120.11	132	0.113636364
13	1	120	puTwoRobotA	120.25	 FailStatus14
13	1	120	puTwoRobotB	120.078	 FailStatus14
14	1	120	wsTwoRobotA	120.158	226	0.561946903
14	1	120	wsTwoRobotB	120.361	141	0.29787234
14	1	120	puTwoRobotA	120.09	 FailStatus14
14	1	120	puTwoRobotB	120.014	 FailStatus14
15	1	120	wsTwoRobotA	120.186	199	0.542713568
15	1	120	wsTwoRobotB	120.122	130	0.3
15	1	120	puTwoRobotA	120.025	173	0.473988439
15	1	120	puTwoRobotB	120.044	 FailStatus14
16	1	120	wsTwoRobotA	120.329	278	0.712230216
16	1	120	wsTwoRobotB	120.071	136	0.411764706
16	1	120	puTwoRobotA	120.048	204	0.607843137
16	1	120	puTwoRobotB	120.076	 FailStatus14
17	1	120	wsTwoRobotA	120.034	260	0.676923077
17	1	120	wsTwoRobotB	120.128	168	0.505952381
17	1	120	puTwoRobotA	120.341	267	0.685393258
17	1	120	puTwoRobotB	120.121	 FailStatus14
18	1	120	wsTwoRobotA	120.701	307	0.729641694
18	1	120	wsTwoRobotB	120.477	164	0.506097561
18	1	120	puTwoRobotA	120.278	252	0.670634921
18	1	120	puTwoRobotB	120.252	 FailStatus14
19	1	120	wsTwoRobotA	120.279	304	0.707236842
19	1	120	wsTwoRobotB	120.431	180	0.505555556
19	1	120	puTwoRobotA	120.032	 FailStatus14
19	1	120	puTwoRobotB	120.232	 FailStatus14
20	1	120	wsTwoRobotA	120.659	300	0.673333333
20	1	120	wsTwoRobotB	120.185	223	0.560538117
20	1	120	puTwoRobotA	120.111	239	0.589958159
20	1	120	puTwoRobotB	120.103	 FailStatus14
1	2	120	wsTwoRobotA	1.486	64	0
1	2	120	wsTwoRobotB	1.572	64	0
1	2	120	puTwoRobotA	1.665	64	0
1	2	120	puTwoRobotB	0.955	64	0
2	2	120	wsTwoRobotA	6.305	113	0
2	2	120	wsTwoRobotB	0.476	113	0
2	2	120	puTwoRobotA	5.108	113	0
2	2	120	puTwoRobotB	0.201	113	0
3	2	120	wsTwoRobotA	12.157	120	0
3	2	120	wsTwoRobotB	5.214	120	0
3	2	120	puTwoRobotA	9.264	120	0
3	2	120	puTwoRobotB	4.868	120	0
4	2	120	wsTwoRobotA	120.129	139	0.503597122
4	2	120	wsTwoRobotB	120.125	137	0.503649635
4	2	120	puTwoRobotA	120.141	138	0.5
4	2	120	puTwoRobotB	120.126	137	0.503649635
5	2	120	wsTwoRobotA	120.198	153	0.535947712
5	2	120	wsTwoRobotB	120.186	142	0.5
5	2	120	puTwoRobotA	120.185	151	0.529801325
5	2	120	puTwoRobotB	120.183	143	0.307692308
6	2	120	wsTwoRobotA	120.138	159	0.377358491
6	2	120	wsTwoRobotB	81.883	144	0
6	2	120	puTwoRobotA	120.156	161	0.385093168
6	2	120	puTwoRobotB	120.248	145	0.317241379
7	2	120	wsTwoRobotA	120.217	147	0.517006803
7	2	120	wsTwoRobotB	120.114	136	0.485294118
7	2	120	puTwoRobotA	120.15	152	0.532894737
7	2	120	puTwoRobotB	120.029	139	0.496402878
8	2	120	wsTwoRobotA	120.177	155	0.329032258
8	2	120	wsTwoRobotB	120.159	138	0.246376812
8	2	120	puTwoRobotA	120.15	158	0.341772152
8	2	120	puTwoRobotB	120.035	 FailStatus14
9	2	120	wsTwoRobotA	120.314	176	0.5
9	2	120	wsTwoRobotB	120.146	146	0.383561644
9	2	120	puTwoRobotA	120.251	205	0.570731707
9	2	120	puTwoRobotB	120.055	 FailStatus14
10	2	120	wsTwoRobotA	120.285	186	0.548387097
10	2	120	wsTwoRobotB	120.353	150	0.44
10	2	120	puTwoRobotA	120.041	209	0.598086124
10	2	120	puTwoRobotB	120.051	 FailStatus14
11	2	120	wsTwoRobotA	120.346	222	0.657657658
11	2	120	wsTwoRobotB	120.104	168	0.547619048
11	2	120	puTwoRobotA	120.59	189	0.597883598
11	2	120	puTwoRobotB	120.218	164	0.536585366
12	2	120	wsTwoRobotA	120.356	240	0.670833333
12	2	120	wsTwoRobotB	120.056	145	0.468965517
12	2	120	puTwoRobotA	120.129	198	0.601010101
12	2	120	puTwoRobotB	120.217	 FailStatus14
13	2	120	wsTwoRobotA	120.37	216	0.458333333
13	2	120	wsTwoRobotB	120.169	156	0.25
13	2	120	puTwoRobotA	120.335	221	0.470588235
13	2	120	puTwoRobotB	120.078	 FailStatus14
14	2	120	wsTwoRobotA	120.622	224	0.558035714
14	2	120	wsTwoRobotB	120.498	154	0.344155844
14	2	120	puTwoRobotA	120.058	278	0.643884892
14	2	120	puTwoRobotB	120.071	 FailStatus14
15	2	120	wsTwoRobotA	120.235	219	0.579908676
15	2	120	wsTwoRobotB	120.195	130	0.284615385
15	2	120	puTwoRobotA	120.503	218	0.577981651
15	2	120	puTwoRobotB	120.045	 FailStatus14
16	2	120	wsTwoRobotA	120.295	228	0.649122807
16	2	120	wsTwoRobotB	120.503	168	0.523809524
16	2	120	puTwoRobotA	120.375	312	0.903846154
16	2	120	puTwoRobotB	120.302	 FailStatus14
17	2	120	wsTwoRobotA	120.206	283	0.703180212
17	2	120	wsTwoRobotB	120.325	167	0.491017964
17	2	120	puTwoRobotA	120.34	507	0.834319527
17	2	120	puTwoRobotB	120.031	 FailStatus14
18	2	120	wsTwoRobotA	120.234	321	0.732087227
18	2	120	wsTwoRobotB	120.333	181	0.541436464
18	2	120	puTwoRobotA	120.473	362	0.762430939
18	2	120	puTwoRobotB	120.039	 FailStatus14
19	2	120	wsTwoRobotA	120.148	441	0.793650794
19	2	120	wsTwoRobotB	120.121	163	0.441717791
19	2	120	puTwoRobotA	120.363	 FailStatus14
19	2	120	puTwoRobotB	120.051	 FailStatus14
20	2	120	wsTwoRobotA	120.425	327	0.70030581
20	2	120	wsTwoRobotB	120.602	217	0.548387097
20	2	120	puTwoRobotA	120.249	303	0.676567657
20	2	120	puTwoRobotB	120.045	 FailStatus14
1	1	3600	wsTwoRobotA	0.09	46	0
1	1	3600	wsTwoRobotB	0.067	46	0
1	1	3600	puTwoRobotA	0.083	46	0
1	1	3600	puTwoRobotB	0.046	46	0
2	1	3600	wsTwoRobotA	4.311	107	0
2	1	3600	wsTwoRobotB	0.196	107	0
2	1	3600	puTwoRobotA	4.111	107	0
2	1	3600	puTwoRobotB	0.202	107	0
3	1	3600	wsTwoRobotA	10.039	111	0
3	1	3600	wsTwoRobotB	7.876	111	0
3	1	3600	puTwoRobotA	10.886	111	0
3	1	3600	puTwoRobotB	1.881	111	0
4	1	3600	wsTwoRobotA	3392.643	133	0
4	1	3600	wsTwoRobotB	742.416	133	0
4	1	3600	puTwoRobotA	2627.347	133	0
4	1	3600	puTwoRobotB	769.266	133	0
5	1	3600	wsTwoRobotA	1507.048	137	0
5	1	3600	wsTwoRobotB	37.988	137	0
5	1	3600	puTwoRobotA	85.191	137	0
5	1	3600	puTwoRobotB	19.823	137	0
6	1	3600	wsTwoRobotA	3600.074	138	0.297101449
6	1	3600	wsTwoRobotB	296.303	134	0
6	1	3600	puTwoRobotA	3600.047	136	0.286764706
6	1	3600	puTwoRobotB	301.501	134	0
7	1	3600	wsTwoRobotA	3600.289	136	0.492647059
7	1	3600	wsTwoRobotB	3600.149	124	0.451612903
7	1	3600	puTwoRobotA	3600.225	128	0.4609375
7	1	3600	puTwoRobotB	3600.072	125	0.456
8	1	3600	wsTwoRobotA	3600.256	139	0.26618705
8	1	3600	wsTwoRobotB	3600.133	124	0.177419355
8	1	3600	puTwoRobotA	3600.18	133	0.233082707
8	1	3600	puTwoRobotB	3600.162	123	0.170731707
9	1	3600	wsTwoRobotA	3600.162	144	0.409722222
9	1	3600	wsTwoRobotB	3600.151	127	0.31496063
9	1	3600	puTwoRobotA	3600.187	137	0.379562044
9	1	3600	puTwoRobotB	3600.193	126	0.30952381
10	1	3600	wsTwoRobotA	3600.098	137	0.401459854
10	1	3600	wsTwoRobotB	3600.075	125	0.344
10	1	3600	puTwoRobotA	3600.114	168	0.511904762
10	1	3600	puTwoRobotB	3600.235	127	0.354330709
11	1	3600	wsTwoRobotA	3600.346	143	0.482517483
11	1	3600	wsTwoRobotB	3600.483	139	0.467625899
11	1	3600	puTwoRobotA	3600.077	170	0.564705882
11	1	3600	puTwoRobotB	3600.272	140	0.471428571
12	1	3600	wsTwoRobotA	3600.674	141	0.453900709
12	1	3600	wsTwoRobotB	3600.296	123	0.398373984
12	1	3600	puTwoRobotA	3600.182	154	0.5
12	1	3600	puTwoRobotB	3600.251	145	0.489655172
13	1	3600	wsTwoRobotA	3600.575	139	0.158273381
13	1	3600	wsTwoRobotB	3600.463	124	0.056451613
13	1	3600	puTwoRobotA	3600.427	147	0.204081633
13	1	3600	puTwoRobotB	3600.046	169	0.307692308
14	1	3600	wsTwoRobotA	3600.098	156	0.365384615
14	1	3600	wsTwoRobotB	3600.332	123	0.195121951
14	1	3600	puTwoRobotA	3600.635	162	0.388888889
14	1	3600	puTwoRobotB	3600.078	 FailStatus14
15	1	3600	wsTwoRobotA	3600.308	155	0.412903226
15	1	3600	wsTwoRobotB	3600.063	115	0.208695652
15	1	3600	puTwoRobotA	3600.371	151	0.397350993
15	1	3600	puTwoRobotB	3600.027	 FailStatus14
16	1	3600	wsTwoRobotA	3600.837	165	0.515151515
16	1	3600	wsTwoRobotB	3600.599	127	0.37007874
16	1	3600	puTwoRobotA	3600.662	164	0.512195122
16	1	3600	puTwoRobotB	3600.074	 FailStatus14
17	1	3600	wsTwoRobotA	3600.578	195	0.569230769
17	1	3600	wsTwoRobotB	3600.563	142	0.415492958
17	1	3600	puTwoRobotA	3600.676	184	0.543478261
17	1	3600	puTwoRobotB	3600.057	 FailStatus14
18	1	3600	wsTwoRobotA	3600.834	171	0.514619883
18	1	3600	wsTwoRobotB	3600.87	128	0.3671875
18	1	3600	puTwoRobotA	3600.565	201	0.587064677
18	1	3600	puTwoRobotB	3600.038	 FailStatus14
19	1	3600	wsTwoRobotA	3600.285	178	0.5
19	1	3600	wsTwoRobotB	3600.215	137	0.350364964
19	1	3600	puTwoRobotA	3600.153	179	0.502793296
19	1	3600	puTwoRobotB	3600.065	 FailStatus14
20	1	3600	wsTwoRobotA	3600.121	212	0.537735849
20	1	3600	wsTwoRobotB	3600.967	140	0.3
20	1	3600	puTwoRobotA	3600.502	171	0.426900585
20	1	3600	puTwoRobotB	3600.056	 FailStatus14
1	2	3600	wsTwoRobotA	1.949	64	0
1	2	3600	wsTwoRobotB	2.291	64	0
1	2	3600	puTwoRobotA	1.707	64	0
1	2	3600	puTwoRobotB	1.014	64	0
2	2	3600	wsTwoRobotA	6.251	113	0
2	2	3600	wsTwoRobotB	0.5	113	0
2	2	3600	puTwoRobotA	5.204	113	0
2	2	3600	puTwoRobotB	0.195	113	0
3	2	3600	wsTwoRobotA	14.235	120	0
3	2	3600	wsTwoRobotB	6.25	120	0
3	2	3600	puTwoRobotA	10.905	120	0
3	2	3600	puTwoRobotB	5.703	120	0
4	2	3600	wsTwoRobotA	3600.171	138	0.5
4	2	3600	wsTwoRobotB	978.345	137	0
4	2	3600	puTwoRobotA	3600.135	138	0.5
4	2	3600	puTwoRobotB	691.065	137	0
5	2	3600	wsTwoRobotA	3600.186	151	0.529801325
5	2	3600	wsTwoRobotB	602.988	142	0
5	2	3600	puTwoRobotA	3600.244	150	0.526666667
5	2	3600	puTwoRobotB	356.931	142	0
6	2	3600	wsTwoRobotA	3600.182	145	0.317241379
6	2	3600	wsTwoRobotB	94.214	144	0
6	2	3600	puTwoRobotA	3600.207	144	0.3125
6	2	3600	puTwoRobotB	214.579	144	0
7	2	3600	wsTwoRobotA	3600.275	144	0.506944444
7	2	3600	wsTwoRobotB	3600.164	133	0.473684211
7	2	3600	puTwoRobotA	3600.101	145	0.510344828
7	2	3600	puTwoRobotB	3600.082	138	0.492753623
8	2	3600	wsTwoRobotA	3600.281	147	0.292517007
8	2	3600	wsTwoRobotB	3600.185	131	0.20610687
8	2	3600	puTwoRobotA	3600.262	148	0.297297297
8	2	3600	puTwoRobotB	3600.137	133	0.218045113
9	2	3600	wsTwoRobotA	3600.175	156	0.435897436
9	2	3600	wsTwoRobotB	3600.234	138	0.347826087
9	2	3600	puTwoRobotA	3600.054	163	0.460122699
9	2	3600	puTwoRobotB	3600.145	136	0.338235294
10	2	3600	wsTwoRobotA	3600.535	164	0.487804878
10	2	3600	wsTwoRobotB	3600.293	138	0.391304348
10	2	3600	puTwoRobotA	3600.172	178	0.528089888
10	2	3600	puTwoRobotB	3600.36	139	0.395683453
11	2	3600	wsTwoRobotA	3600.191	162	0.530864198
11	2	3600	wsTwoRobotB	3600.441	146	0.479452055
11	2	3600	puTwoRobotA	3600.182	162	0.530864198
11	2	3600	puTwoRobotB	3600.353	148	0.486486486
12	2	3600	wsTwoRobotA	3600.249	174	0.545977011
12	2	3600	wsTwoRobotB	3600.129	136	0.433823529
12	2	3600	puTwoRobotA	3600.049	178	0.556179775
12	2	3600	puTwoRobotB	3600.015	 FailStatus14
13	2	3600	wsTwoRobotA	3600.335	186	0.370967742
13	2	3600	wsTwoRobotB	3600.036	124	0.056451613
13	2	3600	puTwoRobotA	3600.471	172	0.319767442
13	2	3600	puTwoRobotB	3600.056	 FailStatus14
14	2	3600	wsTwoRobotA	3600.305	182	0.456043956
14	2	3600	wsTwoRobotB	3600.763	136	0.257352941
14	2	3600	puTwoRobotA	3600.117	186	0.467741935
14	2	3600	puTwoRobotB	3600.065	 FailStatus14
15	2	3600	wsTwoRobotA	3600.263	177	0.480225989
15	2	3600	wsTwoRobotB	3600.531	123	0.243902439
15	2	3600	puTwoRobotA	3600.448	179	0.48603352
15	2	3600	puTwoRobotB	3600.06	 FailStatus14
16	2	3600	wsTwoRobotA	3600.772	182	0.56043956
16	2	3600	wsTwoRobotB	3600.627	133	0.398496241
16	2	3600	puTwoRobotA	3600.546	202	0.603960396
16	2	3600	puTwoRobotB	3600.351	 FailStatus14
17	2	3600	wsTwoRobotA	3601.063	226	0.628318584
17	2	3600	wsTwoRobotB	3600.284	138	0.384057971
17	2	3600	puTwoRobotA	3600.786	199	0.577889447
17	2	3600	puTwoRobotB	3600.023	 FailStatus14
18	2	3600	wsTwoRobotA	3600.749	215	0.6
18	2	3600	wsTwoRobotB	3600.258	147	0.43537415
18	2	3600	puTwoRobotA	3600.643	209	0.588516746
18	2	3600	puTwoRobotB	3600.085	 FailStatus14
19	2	3600	wsTwoRobotA	3600.299	186	0.510752688
19	2	3600	wsTwoRobotB	3600.166	150	0.393333333
19	2	3600	puTwoRobotA	3600.432	216	0.578703704
19	2	3600	puTwoRobotB	3600.097	 FailStatus14
20	2	3600	wsTwoRobotA	3600.109	222	0.558558559
20	2	3600	wsTwoRobotB	3600.163	153	0.359477124
20	2	3600	puTwoRobotA	3600.456	216	0.546296296
20	2	3600	puTwoRobotB	3600.066	 FailStatus14
